,3-Jan-20,10-Jan-20,17-Jan-20,24-Jan-20,31-Jan-20,7-Feb-20,14-Feb-20,21-Feb-20,28-Feb-20,6-Mar-20,13-Mar-20,20-Mar-20,27-Mar-20,3-Apr-20,10-Apr-20,17-Apr-20,24-Apr-20,1-May-20,8-May-20,15-May-20,22-May-20,29-May-20,5-Jun-20,12-Jun-20,19-Jun-20,26-Jun-20,3-Jul-20
<1,0,0,0,0,0,0,0,0,0,0,0,0,0,0,0,0,0,0,1,1,0,0,0,0,0,0,0
1-4,0,0,0,0,0,0,0,0,0,0,0,0,0,0,0,1,0,0,0,0,0,0,0,0,0,0,0
5-9,0,0,0,0,0,0,0,0,0,0,0,0,0,0,0,0,0,0,0,0,0,0,0,0,0,0,0
10-14,0,0,0,0,0,0,0,0,0,0,0,0,0,0,0,1,0,0,0,0,0,1,1,0,0,0,0
15-19,0,0,0,0,0,0,0,0,0,0,0,0,0,3,3,1,0,1,0,1,0,0,0,0,0,0,0
20-24,0,0,0,0,0,0,0,0,0,0,0,0,0,3,5,3,4,2,3,1,1,1,0,0,1,0,0
25-29,0,0,0,0,0,0,0,0,0,0,0,0,1,5,8,8,9,2,4,6,2,1,1,1,1,0,0
30-34,0,0,0,0,0,0,0,0,0,0,0,0,4,9,7,13,20,6,8,4,4,0,3,0,1,0,1
35-39,0,0,0,0,0,0,0,0,0,0,0,0,3,12,19,27,17,18,7,7,4,2,5,3,3,0,1
40-44,0,0,0,0,0,0,0,0,0,0,0,1,0,11,32,49,53,23,18,14,19,2,6,5,6,3,4
45-49,0,0,0,0,0,0,0,0,0,0,0,0,8,42,75,76,82,56,26,25,19,11,10,8,6,4,8
50-54,0,0,0,0,0,0,0,0,0,0,0,2,9,64,126,190,139,94,59,39,31,18,25,16,11,12,8
55-59,0,0,0,0,0,0,0,0,0,0,0,2,16,137,208,287,240,164,97,80,62,41,41,27,19,12,13
60-64,0,0,0,0,0,0,0,0,0,0,1,2,30,169,333,413,362,198,135,122,86,53,47,34,31,27,12
65-69,0,0,0,0,0,0,0,0,0,0,0,11,42,224,427,553,458,310,179,181,103,66,84,45,38,32,28
70-74,0,0,0,0,0,0,0,0,0,0,1,9,57,402,677,889,731,495,307,304,199,157,129,92,65,53,44
75-79,0,0,0,0,0,0,0,0,0,0,2,11,84,549,973,"1,197","1,040",770,464,469,316,210,198,139,95,80,71
80-84,0,0,0,0,0,0,0,0,0,0,1,20,97,682,"1,237","1,637","1,575","1,096",772,686,457,381,297,224,163,120,113
85-89,0,0,0,0,0,0,0,0,0,0,0,24,102,617,"1,091","1,739","1,709","1,306",835,868,593,410,337,243,164,122,114
90+,0,0,0,0,0,0,0,0,0,0,0,21,86,546,992,"1,674","1,798","1,494","1,015","1,002",693,468,404,277,179,141,115