Date	Care Home	Hospital	Elsewhere
3/2/20	0	0	0
3/3/20	0	0	0
3/4/20	0	0	0
3/5/20	0	0	0
3/6/20	2	0	0
3/7/20	0	0	0
3/8/20	0	0	0
3/9/20	0	1	0
3/10/20	0	0	0
3/11/20	0	1	0
3/12/20	0	2	0
3/13/20	1	2	0
3/14/20	0	1	0
3/15/20	0	5	0
3/16/20	2	6	0
3/17/20	3	12	0
3/18/20	2	8	0
3/19/20	5	6	0
3/20/20	4	13	0
3/21/20	6	11	0
3/22/20	7	16	0
3/23/20	6	19	1
3/24/20	15	18	0
3/25/20	18	27	0
3/26/20	18	27	0
3/27/20	29	35	0
3/28/20	26	41	0
3/29/20	29	52	0
3/30/20	45	62	0
3/31/20	55	76	0
4/1/20	77	74	0
4/2/20	99	88	0
4/3/20	137	91	3
4/4/20	141	95	0
4/5/20	177	112	0
4/6/20	191	83	0
4/7/20	226	130	1
4/8/20	256	125	0
4/9/20	275	106	4
4/10/20	287	114	2
4/11/20	323	122	2
4/12/20	373	120	2
4/13/20	295	117	2
4/14/20	337	112	4
4/15/20	346	119	1
4/16/20	403	123	0
4/17/20	433	105	2
4/18/20	375	123	1
4/19/20	350	116	4
4/20/20	345	135	0
4/21/20	337	96	3
4/22/20	381	109	2
4/23/20	361	95	2
4/24/20	358	95	1
4/25/20	362	82	0
4/26/20	325	76	1
4/27/20	302	85	2
4/28/20	305	79	1
4/29/20	304	87	1
4/30/20	277	57	2
5/1/20	299	55	2
5/2/20	276	54	1
5/3/20	243	67	2
5/4/20	245	62	1
5/5/20	243	52	0
5/6/20	214	53	0
5/7/20	229	62	1
5/8/20	218	55	1
5/9/20	238	47	2
5/10/20	185	39	0
5/11/20	146	37	1
5/12/20	155	46	0
5/13/20	166	46	1
5/14/20	169	39	0
5/15/20	159	36	2
5/16/20	160	42	0
5/17/20	149	21	1
5/18/20	149	30	0
5/19/20	129	32	1
5/20/20	110	32	1
5/21/20	113	22	0
5/22/20	99	30	1
5/23/20	100	23	0
5/24/20	94	26	0
5/25/20	90	19	0
5/26/20	98	35	1
5/27/20	97	14	0
5/28/20	94	26	0
5/29/20	77	17	0
5/30/20	66	17	0
5/31/20	66	20	0
6/1/20	71	18	0
6/2/20	79	13	0
6/3/20	53	19	1
6/4/20	58	22	0
6/5/20	63	13	0
6/6/20	34	5	0
6/7/20	46	11	0
6/8/20	47	11	0
6/9/20	40	8	0
6/10/20	48	9	0
6/11/20	37	9	0
6/12/20	36	4	1