,3-Jan-20,10-Jan-20,17-Jan-20,24-Jan-20,31-Jan-20,7-Feb-20,14-Feb-20,21-Feb-20,28-Feb-20,6-Mar-20,13-Mar-20,20-Mar-20,27-Mar-20,3-Apr-20,10-Apr-20,17-Apr-20,24-Apr-20,1-May-20,8-May-20,15-May-20,22-May-20,29-May-20,5-Jun-20,12-Jun-20,19-Jun-20,26-Jun-20,3-Jul-20
<1,0,0,0,0,0,0,0,0,0,0,0,0,0,0,0,0,0,0,1,2,2,2,2,2,2,2,2
1-4,0,0,0,0,0,0,0,0,0,0,0,0,0,0,0,1,1,1,1,1,1,1,1,1,1,1,1
5-9,0,0,0,0,0,0,0,0,0,0,0,0,0,0,0,0,0,0,0,0,0,0,0,0,0,0,0
10-14,0,0,0,0,0,0,0,0,0,0,0,0,0,0,0,1,1,1,1,1,1,2,3,3,3,3,3
15-19,0,0,0,0,0,0,0,0,0,0,0,0,0,3,6,7,7,8,8,9,9,9,9,9,9,9,9
20-24,0,0,0,0,0,0,0,0,0,0,0,0,0,3,8,11,15,17,20,21,22,23,23,23,24,24,24
25-29,0,0,0,0,0,0,0,0,0,0,0,0,1,6,14,22,31,33,37,43,45,46,47,48,49,49,49
30-34,0,0,0,0,0,0,0,0,0,0,0,0,4,13,20,33,53,59,67,71,75,75,78,78,79,79,80
35-39,0,0,0,0,0,0,0,0,0,0,0,0,3,15,34,61,78,96,103,110,114,116,121,124,127,127,128
40-44,0,0,0,0,0,0,0,0,0,0,0,1,1,12,44,93,146,169,187,201,220,222,228,233,239,242,246
45-49,0,0,0,0,0,0,0,0,0,0,0,0,8,50,125,201,283,339,365,390,409,420,430,438,444,448,456
50-54,0,0,0,0,0,0,0,0,0,0,0,2,11,75,201,391,530,624,683,722,753,771,796,812,823,835,843
55-59,0,0,0,0,0,0,0,0,0,0,0,2,18,155,363,650,890,1054,1151,1231,1293,1334,1375,1402,1421,1433,1446
60-64,0,0,0,0,0,0,0,0,0,0,1,3,33,202,535,948,1310,1508,1643,1765,1851,1904,1951,1985,2016,2043,2055
65-69,0,0,0,0,0,0,0,0,0,0,0,11,53,277,704,1257,1715,2025,2204,2385,2488,2554,2638,2683,2721,2753,2781
70-74,0,0,0,0,0,0,0,0,0,0,1,10,67,469,1146,2035,2766,3261,3568,3872,4071,4228,4357,4449,4514,4567,4611
75-79,0,0,0,0,0,0,0,0,0,0,2,13,97,646,1619,2816,3856,4626,5090,5559,5875,6085,6283,6422,6517,6597,6668
80-84,0,0,0,0,0,0,0,0,0,0,1,21,118,800,2037,3674,5249,6345,7117,7803,8260,8641,8938,9162,9325,9445,9558
85-89,0,0,0,0,0,0,0,0,0,0,0,24,126,743,1834,3573,5282,6588,7423,8291,8884,9294,9631,9874,10038,10160,10274
90+,0,0,0,0,0,0,0,0,0,0,0,21,107,653,1645,3319,5117,6611,7626,8628,9321,9789,10193,10470,10649,10790,10905
